100
18
70
7
100
12
12
7
7
100
5
49
15
100
100
68
68
100
100
100
32
27
9
9
84
14
5
2
9
24
6
100
5
100
3
33
100
100
100
100
4
5
3
100
8
5
22
12
4
18
30
43
5
12
10
7
30
6
6
10
100
3
26
6
28
53
4
100
11
35
24
18
51
100
51
3
100
100
100
10
10
10
6
23
9
18
100
14
14
18
7
53
6
51
100
9
5
100
100
100
100
100
100
11
11
9
9
100
16
17
17
25
22
22
24
100
100
24
11
2
8
6
100
100
44
44
32
100
27
4
32
4
35
3
4
12
100
100
100
100
6
100
100
100
100
100
9
100
100
100
100
100
100
100
71
100
100
17
100
100
16
100
100
