100
18
86
2
100
32
32
8
26
100
100
39
70
89
55
100
100
100
100
100
100
100
12
11
8
66
3
19
15
45
9
21
17
100
17
63
6
100
100
100
71
10
3
100
3
5
36
17
4
100
16
34
8
27
7
3
13
3
100
100
100
23
33
2
81
81
4
100
14
56
28
28
100
100
64
6
35
63
100
6
6
6
17
32
20
5
100
15
15
20
7
80
8
65
100
18
2
40
40
100
100
100
100
43
43
45
37
100
51
100
100
28
13
13
13
100
100
9
5
2
8
1
43
100
15
8
85
100
42
42
23
56
100
4
22
28
27
100
100
100
15
100
16
3
100
100
100
100
100
100
4
100
100
100
84
37
3
31
100
100
74
37
100
