[1] ""
[1] "ochiai - real faults"
[1] "ochiaiduareal.txt"
[1] "ochiailinereal.txt"
     V1 V1.1
1   100  100
2    18   18
3    70   86
4     7    2
5   100  100
6    12   15
7    12   15
8     7    8
9     7    9
10  100    6
11    5    6
12   49   39
13   46   71
14  100   41
15  100    5
16   68   93
17   68   93
18  100  100
19  100  100
20  100  100
21   32   74
22   27   84
23    9   12
24    9   11
25   71   55
26   14   66
27    5    3
28    2   19
29    9   15
30   24   45
31    6    9
32   62   74
33    5   17
34  100  100
35    3   17
36   24  100
37  100   40
38  100  100
39  100  100
40  100  100
41    4   71
42    5   10
43    3   51
44  100  100
45    8    3
46    5    5
47   22   36
48   12   17
49    4    4
50   18  100
51   30   16
52   43   34
53    5    8
54   12   27
55   10    7
56    7    3
57   25   19
58    6    3
59    6    3
60   10   39
61  100  100
62    3   23
63   26   33
64    6    2
65   22   87
66   42   87
67    4    4
68  100  100
69   11   56
70   35   56
71   24   28
72   18   28
73   51  100
74  100  100
75   51   64
76    3   24
77  100   21
78  100   53
79  100  100
80   10    6
81   10    6
82   10    6
83    6   14
84   23   29
85    9   20
86   18    5
87  100  100
88   14   15
89   14   15
90   18   20
91    7    7
92   53   80
93    6    9
94   40   79
95  100  100
96    9   18
97    2    2
98  100   40
99  100   40
100 100  100
101 100  100
102 100  100
103 100  100
104  11   43
105  11   43
106   9   45
107   9   37
108 100  100
109  16   51
110  17   17
111  17   17
112  25   28
113  12   23
114  12   23
115  14   23
116 100  100
117 100  100
118  24    9
119  11    5
120   2    2
121   8    8
122   6    1
123 100   43
124 100  100
125  44   15
126  44    8
127  32   85
128 100  100
129  27   42
130   4   42
131  40   23
132   4   56
133  35  100
134   3    4
135   4   22
136  12   28
137 100    4
138 100  100
139 100  100
140 100  100
141   6   15
142 100  100
143 100   16
144 100    3
145 100  100
146 100  100
147  11  100
148 100  100
149 100  100
150 100  100
151  63   49
152 100  100
153 100  100
154 100  100
155  71   84
156 100   37
157 100    3
158  17   31
159 100  100
160 100  100
161  16    3
162 100   37
163 100  100

	Wilcoxon signed rank test with continuity correction

data:  mydata$V1 and mydata$V1.1
V = 2470.5, p-value = 0.01587
alternative hypothesis: true location shift is less than 0

       V1              V1.1      
 Min.   :  2.00   Min.   :  1.0  
 1st Qu.:  9.00   1st Qu.: 15.0  
 Median : 25.00   Median : 39.0  
 Mean   : 46.55   Mean   : 48.5  
 3rd Qu.:100.00   3rd Qu.:100.0  
 Max.   :100.00   Max.   :100.0  
dua.cut
  [1,11)  [11,21)  [21,31)  [31,41)  [41,51)  [51,61)  [61,71)  [71,81) 
      47       26       13        6        6        3        5        2 
 [81,91) [91,101) 
       0       55 
line.cut
  [1,11)  [11,21)  [21,31)  [31,41)  [41,51)  [51,61)  [61,71)  [71,81) 
      37       23       14       12        9        7        2        6 
 [81,91) [91,101) 
       6       47 
[1] "Effect size - Magnitude"
[1] "cliffs-delta, ochiai-real = 0.0323032644096038"
[1] "ps-probability-of-superiority, ochiai-real = 0.465121563281072"
[1] "Effect size - Association"
[1] "z-score, ochiai-real = -2.41180147302778"
[1] "pearson-r, ochiai-real = -0.133577329287908"
[1] ""
[1] "tarantula - real faults"
[1] "tarantuladuareal.txt"
[1] "tarantulalinereal.txt"
     V1 V1.1
1   100  100
2    18   18
3    70   86
4     7    2
5   100  100
6    13   19
7    13   19
8    13   19
9    13   19
10  100    6
11    5    6
12   49   39
13   26   41
14  100   21
15  100   21
16   50   59
17   50   59
18  100  100
19  100  100
20  100  100
21   32   58
22   23   74
23    9   12
24    9   11
25   84   87
26   14   66
27    5    3
28    2   19
29    9   15
30   24   45
31    6    9
32  100  100
33    5   17
34  100  100
35    3   17
36   36  100
37  100   76
38  100  100
39  100  100
40  100  100
41    4   71
42    5   10
43   15   54
44  100  100
45    8    3
46    5    5
47   22   36
48   12   17
49    4    4
50   18  100
51   30   16
52   43   34
53    5    8
54   12   27
55   10    7
56   22   13
57   30   25
58    6    3
59    6    3
60   10   39
61  100  100
62    3   24
63   26   33
64    6    2
65   28   98
66   59   98
67    4    4
68   99  100
69   78   85
70   35   56
71   24   28
72   18   28
73   51  100
74  100  100
75   51   64
76    3   52
77  100   19
78  100   50
79  100  100
80   10    6
81   10    6
82   10    6
83    6   14
84   23   29
85    9   20
86   18    5
87  100  100
88   14   15
89   14   15
90   18   20
91    7    7
92   53   80
93    6    9
94   51   80
95  100  100
96    9   18
97    5    4
98  100   40
99  100   40
100 100  100
101 100  100
102 100  100
103 100  100
104  11   43
105  11   43
106   9   45
107   9   37
108 100  100
109  16   51
110  11   15
111  11   15
112  25   28
113  22   38
114  22   38
115  24   38
116 100  100
117 100  100
118  24    9
119  11    5
120   2    2
121   8    8
122   6    1
123 100   43
124 100  100
125  44   15
126  44    8
127  32   85
128 100  100
129  27   42
130   4   42
131  32   23
132   4   56
133  35  100
134   3    4
135   4   22
136  12    8
137 100    4
138 100  100
139 100  100
140 100  100
141   6   15
142 100  100
143 100   16
144 100    3
145 100  100
146 100  100
147   9  100
148 100  100
149 100  100
150 100  100
151 100  100
152 100  100
153 100  100
154 100  100
155  71   84
156 100   37
157 100    3
158  17   31
159 100  100
160 100  100
161  12    9
162 100   37
163 100  100

	Wilcoxon signed rank test with continuity correction

data:  mydata$V1 and mydata$V1.1
V = 2431.5, p-value = 0.005857
alternative hypothesis: true location shift is less than 0

       V1              V1.1       
 Min.   :  2.00   Min.   :  1.00  
 1st Qu.: 10.00   1st Qu.: 15.00  
 Median : 27.00   Median : 39.00  
 Mean   : 47.74   Mean   : 49.55  
 3rd Qu.:100.00   3rd Qu.:100.00  
 Max.   :100.00   Max.   :100.00  
dua.cut
  [1,11)  [11,21)  [21,31)  [31,41)  [41,51)  [51,61)  [61,71)  [71,81) 
      44       24       17        6        6        5        1        2 
 [81,91) [91,101) 
       1       57 
line.cut
  [1,11)  [11,21)  [21,31)  [31,41)  [41,51)  [51,61)  [61,71)  [71,81) 
      34       26       11       14        9        8        2        5 
 [81,91) [91,101) 
       5       49 
[1] "Effect size - Magnitude"
[1] "cliffs-delta, tarantula-real = 0.0352192683481027"
[1] "ps-probability-of-superiority, tarantula-real = 0.464212678936605"
[1] "Effect size - Association"
[1] "z-score, tarantula-real = -2.75569138800918"
[1] "pearson-r, tarantula-real = -0.152623630124018"
[1] ""
[1] "kulcz - real faults"
[1] "kulczduareal.txt"
[1] "kulczlinereal.txt"
     V1 V1.1
1   100  100
2    18   18
3    70   86
4     7    2
5   100  100
6    12   15
7    12   15
8     7    8
9     7    9
10  100    6
11    5    6
12   49   39
13   53   83
14  100   33
15  100    5
16   68   93
17   68   93
18  100  100
19  100  100
20  100  100
21   61  100
22   56  100
23    9   12
24    9   11
25   32   20
26   14   66
27    5    3
28    2   19
29    9   15
30   24   45
31    6    9
32   12   30
33    5   17
34  100  100
35    3   17
36   15   64
37  100    9
38  100  100
39  100  100
40  100  100
41    4   71
42    5   10
43    3    5
44  100  100
45    8    3
46    5    5
47   22   36
48   12   17
49    4    4
50   18  100
51   30   16
52   43   34
53    5    8
54   12   27
55   10    7
56    7    3
57   20   13
58    6    3
59    6    3
60  100  100
61  100  100
62    3   23
63   26   33
64    6    2
65   22   82
66   40   82
67    4    4
68  100  100
69   11   56
70   35   56
71   24   28
72   18   28
73   51  100
74  100  100
75   51   64
76    3   16
77  100   24
78  100   63
79  100  100
80   10    6
81   10    6
82   10    6
83    6   17
84   25   32
85    9   20
86   18    5
87  100  100
88   14   15
89   14   15
90   18   20
91    7    7
92   53   80
93    6    9
94   33   66
95  100  100
96    9   18
97    2    2
98  100   40
99  100   40
100 100  100
101 100  100
102 100  100
103 100  100
104  11   43
105  11   43
106   9   45
107   9   37
108 100  100
109  16   51
110  18  100
111  18  100
112  25   28
113   5   19
114   5   19
115   7   19
116 100  100
117 100  100
118  24    9
119  11    5
120   2    2
121   8    8
122   6    1
123 100   43
124 100  100
125  44   15
126  44    8
127  32   85
128 100  100
129  27   42
130   4   42
131  61   23
132   4   56
133  35  100
134   3    4
135   4   22
136  12   28
137 100    4
138 100  100
139 100  100
140 100  100
141   6   15
142 100  100
143 100   16
144 100    3
145 100  100
146 100  100
147  86  100
148 100  100
149 100  100
150 100  100
151  13    5
152 100  100
153 100  100
154 100  100
155  71   84
156 100   37
157 100    3
158  17   31
159 100  100
160 100  100
161  31    3
162 100   37
163 100  100

	Wilcoxon signed rank test with continuity correction

data:  mydata$V1 and mydata$V1.1
V = 2523.5, p-value = 0.01655
alternative hypothesis: true location shift is less than 0

       V1              V1.1       
 Min.   :  2.00   Min.   :  1.00  
 1st Qu.:  9.00   1st Qu.: 11.50  
 Median : 26.00   Median : 36.00  
 Mean   : 47.09   Mean   : 48.55  
 3rd Qu.:100.00   3rd Qu.:100.00  
 Max.   :100.00   Max.   :100.00  
dua.cut
  [1,11)  [11,21)  [21,31)  [31,41)  [41,51)  [51,61)  [61,71)  [71,81) 
      49       25       10        7        4        5        5        1 
 [81,91) [91,101) 
       1       56 
line.cut
  [1,11)  [11,21)  [21,31)  [31,41)  [41,51)  [51,61)  [61,71)  [71,81) 
      40       26       10       12        7        4        5        2 
 [81,91) [91,101) 
       6       51 
[1] "Effect size - Magnitude"
[1] "cliffs-delta, kulcz-real = 0.0234795122320685"
[1] "ps-probability-of-superiority, kulcz-real = 0.455237446034992"
[1] "Effect size - Association"
[1] "z-score, kulcz-real = -2.39652221883583"
[1] "pearson-r, kulcz-real = -0.132731089665245"
[1] ""
[1] "mccon - real faults"
[1] "mcconduareal.txt"
[1] "mcconlinereal.txt"
     V1 V1.1
1   100  100
2    18   18
3    70   86
4     7    2
5   100  100
6    12   15
7    12   15
8     7    8
9     7    9
10  100    6
11    5    6
12   49   39
13   53   83
14  100   33
15  100    5
16   68   93
17   68   93
18  100  100
19  100  100
20  100  100
21   61  100
22   56  100
23    9   12
24    9   11
25   32   20
26   14   66
27    5    3
28    2   19
29    9   15
30   24   45
31    6    9
32   12   30
33    5   17
34  100  100
35    3   17
36   15   64
37  100    9
38  100  100
39  100  100
40  100  100
41    4   71
42    5   10
43    3    5
44  100  100
45    8    3
46    5    5
47   22   36
48   12   17
49    4    4
50   18  100
51   30   16
52   43   34
53    5    8
54   12   27
55   10    7
56    7    3
57   20   13
58    6    3
59    6    3
60  100  100
61  100  100
62    3   23
63   26   33
64    6    2
65   22   82
66   40   82
67    4    4
68  100  100
69   11   56
70   35   56
71   24   28
72   18   28
73   51  100
74  100  100
75   51   64
76    3   16
77  100   24
78  100   63
79  100  100
80   10    6
81   10    6
82   10    6
83    6   17
84   25   32
85    9   20
86   18    5
87  100  100
88   14   15
89   14   15
90   18   20
91    7    7
92   53   80
93    6    9
94   33   66
95  100  100
96    9   18
97    2    2
98  100   40
99  100   40
100 100  100
101 100  100
102 100  100
103 100  100
104  11   43
105  11   43
106   9   45
107   9   37
108 100  100
109  16   51
110  18  100
111  18  100
112  25   28
113   5   19
114   5   19
115   7   19
116 100  100
117 100  100
118  24    9
119  11    5
120   2    2
121   8    8
122   6    1
123 100   43
124 100  100
125  44   15
126  44    8
127  32   85
128 100  100
129  27   42
130   4   42
131  61   23
132   4   56
133  35  100
134   3    4
135   4   22
136  12   28
137 100    4
138 100  100
139 100  100
140 100  100
141   6   15
142 100  100
143 100   16
144 100    3
145 100  100
146 100  100
147  86  100
148 100  100
149 100  100
150 100  100
151  13    5
152 100  100
153 100  100
154 100  100
155  71   84
156 100   37
157 100    3
158  17   31
159 100  100
160 100  100
161  31    3
162 100   37
163 100  100

	Wilcoxon signed rank test with continuity correction

data:  mydata$V1 and mydata$V1.1
V = 2523.5, p-value = 0.01655
alternative hypothesis: true location shift is less than 0

       V1              V1.1       
 Min.   :  2.00   Min.   :  1.00  
 1st Qu.:  9.00   1st Qu.: 11.50  
 Median : 26.00   Median : 36.00  
 Mean   : 47.09   Mean   : 48.55  
 3rd Qu.:100.00   3rd Qu.:100.00  
 Max.   :100.00   Max.   :100.00  
dua.cut
  [1,11)  [11,21)  [21,31)  [31,41)  [41,51)  [51,61)  [61,71)  [71,81) 
      49       25       10        7        4        5        5        1 
 [81,91) [91,101) 
       1       56 
line.cut
  [1,11)  [11,21)  [21,31)  [31,41)  [41,51)  [51,61)  [61,71)  [71,81) 
      40       26       10       12        7        4        5        2 
 [81,91) [91,101) 
       6       51 
[1] "Effect size - Magnitude"
[1] "cliffs-delta, mccon-real = 0.0234795122320685"
[1] "ps-probability-of-superiority, mccon-real = 0.455237446034992"
[1] "Effect size - Association"
[1] "z-score, mccon-real = -2.39652221883583"
[1] "pearson-r, mccon-real = -0.132731089665245"
[1] ""
[1] "wong3 - real faults"
[1] "wong3duareal.txt"
[1] "wong3linereal.txt"
     V1 V1.1
1   100  100
2   100  100
3    70   86
4     7    2
5   100  100
6    12   15
7    12   15
8     7    8
9     7    9
10  100    6
11    5    6
12  100  100
13   55   91
14  100   74
15  100   43
16   62   83
17   62   83
18  100  100
19  100  100
20  100  100
21  100  100
22  100  100
23  100  100
24  100  100
25  100  100
26  100  100
27  100  100
28    2  100
29    9   15
30  100  100
31  100  100
32    3   21
33  100  100
34  100  100
35  100  100
36   15   63
37  100   10
38  100  100
39  100  100
40  100  100
41    4  100
42    5  100
43    3  100
44  100  100
45    8  100
46    5    5
47  100  100
48  100  100
49    4    4
50   18  100
51  100  100
52   43   34
53  100  100
54  100  100
55   10    7
56    7    3
57   20   13
58    6    3
59    6    3
60   10  100
61  100  100
62    3   23
63  100  100
64    6    2
65   22   82
66   40   82
67  100  100
68   99  100
69   80   85
70   35  100
71  100  100
72  100  100
73  100  100
74  100  100
75  100  100
76    3   24
77  100   19
78  100  100
79  100  100
80  100  100
81  100  100
82  100  100
83    6   14
84  100  100
85    9  100
86  100  100
87  100  100
88  100  100
89  100  100
90  100  100
91  100  100
92   53  100
93    6    9
94   33   66
95  100  100
96  100  100
97    2    2
98  100  100
99  100  100
100 100  100
101 100  100
102 100  100
103 100  100
104  11   43
105  11   43
106   9  100
107   9  100
108 100  100
109 100  100
110  42  100
111  42  100
112 100  100
113   5   13
114   5   13
115   7   13
116 100  100
117 100  100
118 100  100
119  11  100
120   2    2
121   8    8
122   6    1
123 100  100
124 100  100
125 100  100
126 100  100
127 100  100
128 100  100
129 100  100
130 100  100
131 100   23
132   4  100
133 100  100
134 100  100
135   4  100
136  12  100
137 100    4
138 100  100
139 100  100
140 100  100
141   6   15
142 100  100
143 100  100
144 100  100
145 100  100
146 100  100
147  86  100
148 100  100
149 100  100
150 100  100
151   4    4
152 100  100
153 100  100
154 100  100
155 100  100
156 100  100
157 100  100
158 100  100
159 100  100
160 100  100
161  49   16
162 100  100
163 100  100

	Wilcoxon signed rank test with continuity correction

data:  mydata$V1 and mydata$V1.1
V = 476.5, p-value = 0.0001384
alternative hypothesis: true location shift is less than 0

       V1              V1.1       
 Min.   :  2.00   Min.   :  1.00  
 1st Qu.: 12.00   1st Qu.: 70.00  
 Median :100.00   Median :100.00  
 Mean   : 69.37   Mean   : 77.96  
 3rd Qu.:100.00   3rd Qu.:100.00  
 Max.   :100.00   Max.   :100.00  
dua.cut
  [1,11)  [11,21)  [21,31)  [31,41)  [41,51)  [51,61)  [61,71)  [71,81) 
      37        9        1        3        4        2        3        1 
 [81,91) [91,101) 
       1      102 
line.cut
  [1,11)  [11,21)  [21,31)  [31,41)  [41,51)  [51,61)  [61,71)  [71,81) 
      20       11        4        1        3        0        2        1 
 [81,91) [91,101) 
       6      115 
[1] "Effect size - Magnitude"
[1] "cliffs-delta, wong3-real = 0.0974399757630842"
[1] "ps-probability-of-superiority, wong3-real = 0.330985382110127"
[1] "Effect size - Association"
[1] "z-score, wong3-real = -3.81096341739869"
[1] "pearson-r, wong3-real = -0.21106974226654"
[1] ""
[1] "drt - real faults"
[1] "drtduareal.txt"
[1] "drtlinereal.txt"
     V1 V1.1
1   100  100
2    18   18
3    70   86
4     7    2
5   100  100
6    23   32
7    23   32
8    18    8
9    18   26
10  100  100
11  100  100
12   49   39
13   44   70
14  100   89
15  100   55
16  100  100
17  100  100
18  100  100
19  100  100
20  100  100
21   61  100
22   56  100
23    9   12
24    9   11
25   10    8
26   14   66
27    5    3
28    2   19
29    9   15
30   24   45
31    6    9
32    3   21
33    5   17
34  100  100
35    3   17
36   15   63
37  100    6
38  100  100
39  100  100
40  100  100
41    4   71
42    5   10
43    1    3
44  100  100
45    8    3
46    5    5
47   22   36
48   12   17
49    4    4
50   18  100
51   30   16
52   43   34
53    5    8
54   12   27
55   10    7
56    7    3
57   20   13
58    6    3
59  100  100
60  100  100
61  100  100
62    3   23
63   26   33
64    6    2
65   22   81
66   40   81
67    4    4
68  100  100
69   11   14
70   35   56
71   24   28
72   18   28
73   51  100
74  100  100
75   51   64
76    3    6
77  100   35
78  100   63
79  100  100
80   10    6
81   10    6
82   10    6
83    8   17
84   25   32
85    9   20
86   18    5
87  100  100
88   14   15
89   14   15
90   18   20
91    7    7
92   53   80
93    6    8
94   30   65
95  100  100
96    9   18
97    2    2
98  100   40
99  100   40
100 100  100
101 100  100
102 100  100
103 100  100
104  11   43
105  11   43
106   9   45
107   9   37
108 100  100
109  16   51
110 100  100
111 100  100
112  25   28
113   5   13
114   5   13
115   7   13
116 100  100
117 100  100
118  24    9
119  11    5
120   2    2
121   8    8
122   6    1
123 100   43
124 100  100
125  44   15
126  44    8
127  32   85
128 100  100
129  27   42
130   4   42
131  61   23
132   4   56
133  35  100
134   3    4
135   4   22
136  26   28
137 100   27
138 100  100
139 100  100
140 100  100
141   6   15
142 100  100
143 100   16
144 100    3
145 100  100
146 100  100
147  86  100
148 100  100
149 100  100
150 100  100
151   4    4
152 100  100
153 100  100
154 100  100
155  71   84
156 100   37
157 100    3
158  17   31
159 100  100
160 100  100
161  49   30
162 100   37
163 100  100

	Wilcoxon signed rank test with continuity correction

data:  mydata$V1 and mydata$V1.1
V = 2203, p-value = 0.02317
alternative hypothesis: true location shift is less than 0

       V1              V1.1       
 Min.   :  1.00   Min.   :  1.00  
 1st Qu.:  9.00   1st Qu.: 13.50  
 Median : 30.00   Median : 39.00  
 Mean   : 49.79   Mean   : 51.01  
 3rd Qu.:100.00   3rd Qu.:100.00  
 Max.   :100.00   Max.   :100.00  
dua.cut
  [1,11)  [11,21)  [21,31)  [31,41)  [41,51)  [51,61)  [61,71)  [71,81) 
      48       20       14        4        6        4        3        1 
 [81,91) [91,101) 
       1       62 
line.cut
  [1,11)  [11,21)  [21,31)  [31,41)  [41,51)  [51,61)  [61,71)  [71,81) 
      35       23       12       14        7        4        6        2 
 [81,91) [91,101) 
       6       54 
[1] "Effect size - Magnitude"
[1] "cliffs-delta, drt-real = 0.0253730212830417"
[1] "ps-probability-of-superiority, drt-real = 0.445883511323184"
[1] "Effect size - Association"
[1] "z-score, drt-real = -2.27068308388553"
[1] "pearson-r, drt-real = -0.125761504583493"
[1] ""
[1] "minus - real faults"
[1] "minusduareal.txt"
[1] "minuslinereal.txt"
     V1 V1.1
1   100  100
2    18   18
3    70   86
4     7    2
5   100  100
6    23   32
7    23   32
8    18    8
9    18   26
10  100  100
11  100  100
12   49   39
13   44   70
14  100   89
15  100   55
16  100  100
17  100  100
18  100  100
19  100  100
20  100  100
21   61  100
22   56  100
23    9   12
24    9   11
25   10    8
26   14   66
27    5    3
28    2   19
29    9   15
30   24   45
31    6    9
32    3   21
33    5   17
34  100  100
35    3   17
36   15   68
37  100   15
38  100  100
39  100  100
40  100  100
41    4   71
42    5   10
43    1   38
44  100  100
45    8    3
46    5    5
47   22   36
48   12   17
49    4    4
50   18  100
51   30   16
52   43   34
53    5    8
54   12   27
55   10    7
56    7    3
57   20   13
58    6    3
59  100  100
60  100  100
61  100  100
62    3   23
63   26   33
64    6    2
65   22   81
66   40   81
67    4    4
68  100  100
69   11   14
70   35   56
71   24   28
72   18   28
73   51  100
74  100  100
75   51   64
76    3    6
77  100   35
78  100   63
79  100  100
80   10    6
81   10    6
82   10    6
83    6   14
84   23   29
85    9   20
86   18    5
87  100  100
88   14   15
89   14   15
90   18   20
91    7    7
92   53   80
93    6    8
94   30   65
95  100  100
96    9   18
97    2    2
98  100   40
99  100   40
100 100  100
101 100  100
102 100  100
103 100  100
104  11   43
105  11   43
106   9   45
107   9   37
108 100  100
109  16   51
110 100  100
111 100  100
112  25   28
113   5   13
114   5   13
115   7   13
116 100  100
117 100  100
118  24    9
119  11    5
120   2    2
121   8    8
122   6    1
123 100   43
124 100  100
125  44   15
126  44    8
127  32   85
128 100  100
129  27   42
130   4   42
131  61   23
132   4   56
133  35  100
134   3    4
135   4   22
136  26   28
137 100   27
138 100  100
139 100  100
140 100  100
141   6   15
142 100  100
143 100   16
144 100    3
145 100  100
146 100  100
147  86  100
148 100  100
149 100  100
150 100  100
151   4    4
152 100  100
153 100  100
154 100  100
155  71   84
156 100   37
157 100    3
158  17   31
159 100  100
160 100  100
161  47   20
162 100   37
163 100  100

	Wilcoxon signed rank test with continuity correction

data:  mydata$V1 and mydata$V1.1
V = 2185.5, p-value = 0.0203
alternative hypothesis: true location shift is less than 0

       V1              V1.1       
 Min.   :  1.00   Min.   :  1.00  
 1st Qu.:  9.00   1st Qu.: 14.50  
 Median : 30.00   Median : 39.00  
 Mean   : 49.75   Mean   : 51.21  
 3rd Qu.:100.00   3rd Qu.:100.00  
 Max.   :100.00   Max.   :100.00  
dua.cut
  [1,11)  [11,21)  [21,31)  [31,41)  [41,51)  [51,61)  [61,71)  [71,81) 
      48       20       14        4        6        4        3        1 
 [81,91) [91,101) 
       1       62 
line.cut
  [1,11)  [11,21)  [21,31)  [31,41)  [41,51)  [51,61)  [61,71)  [71,81) 
      33       25       12       14        7        4        6        2 
 [81,91) [91,101) 
       6       54 
[1] "Effect size - Magnitude"
[1] "cliffs-delta, minus-real = 0.0327955767628569"
[1] "ps-probability-of-superiority, minus-real = 0.449784139968189"
[1] "Effect size - Association"
[1] "z-score, minus-real = -2.32066418838427"
[1] "pearson-r, minus-real = -0.128529701936578"
[1] ""
[1] "op - real faults"
[1] "opduareal.txt"
[1] "oplinereal.txt"
     V1 V1.1
1   100  100
2    18   18
3    70   86
4     7    2
5   100  100
6    23   32
7    23   32
8    18    8
9    18   26
10  100  100
11  100  100
12   49   39
13   44   70
14  100   89
15  100   55
16  100  100
17  100  100
18  100  100
19  100  100
20  100  100
21   61  100
22   56  100
23    9   12
24    9   11
25   10    8
26   14   66
27    5    3
28    2   19
29    9   15
30   24   45
31    6    9
32    3   21
33    5   17
34  100  100
35    3   17
36   15   63
37  100    6
38  100  100
39  100  100
40  100  100
41    4   71
42    5   10
43    1    3
44  100  100
45    8    3
46    5    5
47   22   36
48   12   17
49    4    4
50   18  100
51   30   16
52   43   34
53    5    8
54   12   27
55   10    7
56    7    3
57   20   13
58    6    3
59  100  100
60  100  100
61  100  100
62    3   23
63   26   33
64    6    2
65   22   81
66   40   81
67    4    4
68  100  100
69   11   14
70   35   56
71   24   28
72   18   28
73   51  100
74  100  100
75   51   64
76    3    6
77  100   35
78  100   63
79  100  100
80   10    6
81   10    6
82   10    6
83    8   17
84   25   32
85    9   20
86   18    5
87  100  100
88   14   15
89   14   15
90   18   20
91    7    7
92   53   80
93    6    8
94   30   65
95  100  100
96    9   18
97    2    2
98  100   40
99  100   40
100 100  100
101 100  100
102 100  100
103 100  100
104  11   43
105  11   43
106   9   45
107   9   37
108 100  100
109  16   51
110 100  100
111 100  100
112  25   28
113   5   13
114   5   13
115   7   13
116 100  100
117 100  100
118  24    9
119  11    5
120   2    2
121   8    8
122   6    1
123 100   43
124 100  100
125  44   15
126  44    8
127  32   85
128 100  100
129  27   42
130   4   42
131  61   23
132   4   56
133  35  100
134   3    4
135   4   22
136  26   28
137 100   27
138 100  100
139 100  100
140 100  100
141   6   15
142 100  100
143 100   16
144 100    3
145 100  100
146 100  100
147  86  100
148 100  100
149 100  100
150 100  100
151   4    4
152 100  100
153 100  100
154 100  100
155  71   84
156 100   37
157 100    3
158  17   31
159 100  100
160 100  100
161  49   74
162 100   37
163 100  100

	Wilcoxon signed rank test with continuity correction

data:  mydata$V1 and mydata$V1.1
V = 2137, p-value = 0.01389
alternative hypothesis: true location shift is less than 0

       V1              V1.1       
 Min.   :  1.00   Min.   :  1.00  
 1st Qu.:  9.00   1st Qu.: 13.50  
 Median : 30.00   Median : 40.00  
 Mean   : 49.79   Mean   : 51.28  
 3rd Qu.:100.00   3rd Qu.:100.00  
 Max.   :100.00   Max.   :100.00  
dua.cut
  [1,11)  [11,21)  [21,31)  [31,41)  [41,51)  [51,61)  [61,71)  [71,81) 
      48       20       14        4        6        4        3        1 
 [81,91) [91,101) 
       1       62 
line.cut
  [1,11)  [11,21)  [21,31)  [31,41)  [41,51)  [51,61)  [61,71)  [71,81) 
      35       23       11       14        7        4        6        3 
 [81,91) [91,101) 
       6       54 
[1] "Effect size - Magnitude"
[1] "cliffs-delta, op-real = 0.0267363477997425"
[1] "ps-probability-of-superiority, op-real = 0.446603044762554"
[1] "Effect size - Association"
[1] "z-score, op-real = -2.46012855649989"
[1] "pearson-r, op-real = -0.136253918888947"
[1] ""
[1] "jaccard - real faults"
[1] "jaccardduareal.txt"
[1] "jaccardlinereal.txt"
     V1 V1.1
1   100  100
2    18   18
3    70   86
4     7    2
5   100  100
6    12   15
7    12   15
8     7    8
9     7    9
10  100    6
11    5    6
12   49   39
13   15   22
14  100   50
15  100    5
16   68   93
17   68   93
18  100  100
19  100  100
20  100  100
21   32   62
22   27   76
23    9   12
24    9   11
25   84   87
26   14   66
27    5    3
28    2   19
29    9   15
30   24   45
31    6    9
32  100  100
33    5   17
34  100  100
35    3   17
36   33  100
37  100   76
38  100  100
39  100  100
40  100  100
41    4   71
42    5   10
43    3   54
44  100  100
45    8    3
46    5    5
47   22   36
48   12   17
49    4    4
50   18  100
51   30   16
52   43   34
53    5    8
54   12   27
55   10    7
56    7    3
57   30   25
58    6    3
59    6    3
60   10   39
61  100  100
62    3   24
63   26   33
64    6    2
65   28   98
66   53   98
67    4    4
68  100  100
69   11   56
70   35   56
71   24   28
72   18   28
73   51  100
74  100  100
75   51   64
76    3   43
77  100   21
78  100   52
79  100  100
80   10    6
81   10    6
82   10    6
83    6   14
84   23   29
85    9   20
86   18    5
87  100  100
88   14   15
89   14   15
90   18   20
91    7    7
92   53   80
93    6    9
94   51   80
95  100  100
96    9   18
97    5    4
98  100   40
99  100   40
100 100  100
101 100  100
102 100  100
103 100  100
104  11   43
105  11   43
106   9   45
107   9   37
108 100  100
109  16   51
110  17   17
111  17   17
112  25   28
113  22   38
114  22   38
115  24   38
116 100  100
117 100  100
118  24    9
119  11    5
120   2    2
121   8    8
122   6    1
123 100   43
124 100  100
125  44   15
126  44    8
127  32   85
128 100  100
129  27   42
130   4   42
131  32   23
132   4   56
133  35  100
134   3    4
135   4   22
136  12    8
137 100    4
138 100  100
139 100  100
140 100  100
141   6   15
142 100  100
143 100   16
144 100    3
145 100  100
146 100  100
147   9  100
148 100  100
149 100  100
150 100  100
151 100  100
152 100  100
153 100  100
154 100  100
155  71   84
156 100   37
157 100    3
158  17   31
159 100  100
160 100  100
161  16    3
162 100   37
163 100  100

	Wilcoxon signed rank test with continuity correction

data:  mydata$V1 and mydata$V1.1
V = 2365, p-value = 0.01021
alternative hypothesis: true location shift is less than 0

       V1             V1.1      
 Min.   :  2.0   Min.   :  1.0  
 1st Qu.:  9.0   1st Qu.: 14.5  
 Median : 27.0   Median : 39.0  
 Mean   : 47.3   Mean   : 49.5  
 3rd Qu.:100.0   3rd Qu.:100.0  
 Max.   :100.0   Max.   :100.0  
dua.cut
  [1,11)  [11,21)  [21,31)  [31,41)  [41,51)  [51,61)  [61,71)  [71,81) 
      48       23       15        6        4        5        3        1 
 [81,91) [91,101) 
       1       57 
line.cut
  [1,11)  [11,21)  [21,31)  [31,41)  [41,51)  [51,61)  [61,71)  [71,81) 
      38       22       11       14        9        6        3        5 
 [81,91) [91,101) 
       4       51 
[1] "Effect size - Magnitude"
[1] "cliffs-delta, jaccard-real = 0.0278724532303264"
[1] "ps-probability-of-superiority, jaccard-real = 0.4589487237749"
[1] "Effect size - Association"
[1] "z-score, jaccard-real = -2.56875488660732"
[1] "pearson-r, jaccard-real = -0.142270174881975"
[1] ""
[1] "zoltar - real faults"
[1] "zoltarduareal.txt"
[1] "zoltarlinereal.txt"
     V1 V1.1
1   100  100
2    18   18
3    70   86
4     7    2
5   100  100
6    12   15
7    12   15
8     7    8
9     7    9
10  100    6
11    5    6
12   49   39
13   49   77
14  100   33
15  100    5
16   68   93
17   68   93
18  100  100
19  100  100
20  100  100
21   61  100
22   56  100
23    9   12
24    9   11
25   32   20
26   14   66
27    5    3
28    2   19
29    9   15
30   24   45
31    6    9
32   12   30
33    5   17
34  100  100
35    3   17
36   15   64
37  100    9
38  100  100
39  100  100
40  100  100
41    4   71
42    5   10
43    3    5
44  100  100
45    8    3
46    5    5
47   22   36
48   12   17
49    4    4
50   18  100
51   30   16
52   43   34
53    5    8
54   12   27
55   10    7
56    7    3
57   20   13
58    6    3
59    6    3
60  100  100
61  100  100
62    3   23
63   26   33
64    6    2
65   22   82
66   40   82
67    4    4
68  100  100
69   11   56
70   35   56
71   24   28
72   18   28
73   51  100
74  100  100
75   51   64
76    3   24
77  100   22
78  100   63
79  100  100
80   10    6
81   10    6
82   10    6
83    6   17
84   25   32
85    9   20
86   18    5
87  100  100
88   14   15
89   14   15
90   18   20
91    7    7
92   53   80
93    6    9
94   33   66
95  100  100
96    9   18
97    2    2
98  100   40
99  100   40
100 100  100
101 100  100
102 100  100
103 100  100
104  11   43
105  11   43
106   9   45
107   9   37
108 100  100
109  16   51
110  86  100
111  86  100
112  25   28
113   5   19
114   5   19
115   7   19
116 100  100
117 100  100
118  24    9
119  11    5
120   2    2
121   8    8
122   6    1
123 100   43
124 100  100
125  44   15
126  44    8
127  32   85
128 100  100
129  27   42
130   4   42
131  61   23
132   4   56
133  35  100
134   3    4
135   4   22
136  12   28
137 100    4
138 100  100
139 100  100
140 100  100
141   6   15
142 100  100
143 100   16
144 100    3
145 100  100
146 100  100
147  86  100
148 100  100
149 100  100
150 100  100
151  13    5
152 100  100
153 100  100
154 100  100
155  71   84
156 100   37
157 100    3
158  17   31
159 100  100
160 100  100
161  24   75
162 100   37
163 100  100

	Wilcoxon signed rank test with continuity correction

data:  mydata$V1 and mydata$V1.1
V = 2469.5, p-value = 0.0112
alternative hypothesis: true location shift is less than 0

       V1              V1.1       
 Min.   :  2.00   Min.   :  1.00  
 1st Qu.:  9.00   1st Qu.: 12.50  
 Median : 27.00   Median : 37.00  
 Mean   : 47.85   Mean   : 48.99  
 3rd Qu.:100.00   3rd Qu.:100.00  
 Max.   :100.00   Max.   :100.00  
dua.cut
  [1,11)  [11,21)  [21,31)  [31,41)  [41,51)  [51,61)  [61,71)  [71,81) 
      49       23       11        6        5        4        5        1 
 [81,91) [91,101) 
       3       56 
line.cut
  [1,11)  [11,21)  [21,31)  [31,41)  [41,51)  [51,61)  [61,71)  [71,81) 
      39       25       11       12        7        4        5        4 
 [81,91) [91,101) 
       5       51 
[1] "Effect size - Magnitude"
[1] "cliffs-delta, zoltar-real = 0.024009694766341"
[1] "ps-probability-of-superiority, zoltar-real = 0.455616147845187"
[1] "Effect size - Association"
[1] "z-score, zoltar-real = -2.53647744444695"
[1] "pearson-r, zoltar-real = -0.140482492699903"
