100
18
86
2
100
19
19
19
19
6
6
39
41
21
21
59
59
100
100
100
58
74
12
11
87
66
3
19
15
45
9
100
17
100
17
100
76
100
100
100
71
10
54
100
3
5
36
17
4
100
16
34
8
27
7
13
25
3
3
39
100
24
33
2
98
98
4
100
85
56
28
28
100
100
64
52
19
50
100
6
6
6
14
29
20
5
100
15
15
20
7
80
9
80
100
18
4
40
40
100
100
100
100
43
43
45
37
100
51
15
15
28
38
38
38
100
100
9
5
2
8
1
43
100
15
8
85
100
42
42
23
56
100
4
22
8
4
100
100
100
15
100
16
3
100
100
100
100
100
100
100
100
100
100
84
37
3
31
100
100
9
37
100
