100
100
70
7
100
12
12
7
7
100
5
100
55
100
100
62
62
100
100
100
100
100
100
100
100
100
100
2
9
100
100
3
100
100
100
15
100
100
100
100
4
5
3
100
8
5
100
100
4
18
100
43
100
100
10
7
20
6
6
10
100
3
100
6
22
40
100
99
80
35
100
100
100
100
100
3
100
100
100
100
100
100
6
100
9
100
100
100
100
100
100
53
6
33
100
100
2
100
100
100
100
100
100
11
11
9
9
100
100
42
42
100
5
5
7
100
100
100
11
2
8
6
100
100
100
100
100
100
100
100
100
4
100
100
4
12
100
100
100
100
6
100
100
100
100
100
86
100
100
100
4
100
100
100
100
100
100
100
100
100
49
100
100
