100
100
86
2
100
15
15
8
9
6
6
100
91
74
43
83
83
100
100
100
100
100
100
100
100
100
100
100
15
100
100
21
100
100
100
63
10
100
100
100
100
100
100
100
100
5
100
100
4
100
100
34
100
100
7
3
13
3
3
100
100
23
100
2
82
82
100
100
85
100
100
100
100
100
100
24
19
100
100
100
100
100
14
100
100
100
100
100
100
100
100
100
9
66
100
100
2
100
100
100
100
100
100
43
43
100
100
100
100
100
100
100
13
13
13
100
100
100
100
2
8
1
100
100
100
100
100
100
100
100
23
100
100
100
100
100
4
100
100
100
15
100
100
100
100
100
100
100
100
100
4
100
100
100
100
100
100
100
100
100
16
100
100
